<?xml version="1.0"?>
<opencv_storage>
<cameraMatrix type_id="opencv-matrix">
  <rows>3</rows>
  <cols>3</cols>
  <dt>d</dt>
  <data>
    5.0406228730346481e+02 0. 320. 0. 5.0406228730346481e+02 240. 0. 0.
    1.</data></cameraMatrix>
<distCoeffs type_id="opencv-matrix">
  <rows>1</rows>
  <cols>5</cols>
  <dt>d</dt>
  <data>
    4.7281798021169955e-02 3.1845089093985889e-02 0. 0.
    -3.1800577845304118e-01</data></distCoeffs>
</opencv_storage>
